
Iteração 1
  escolhido: 9
  nova cobertura (ganho): 28
  cobertos depois: [0, 5, 9, 10, 15, 16, 17, 18, 20, 23, 31, 35, 37, 46, 48, 52, 58, 62, 71, 73, 74, 78, 83, 87, 89, 91, 93, 98]

Iteração 2
  escolhido: 50
  nova cobertura (ganho): 27
  cobertos depois: [0, 5, 6, 8, 9, 10, 11, 15, 16, 17, 18, 19, 20, 23, 24, 26, 27, 31, 33, 34, 35, 37, 46, 48, 50, 52, 54, 56, 57, 58, 59, 60, 61, 62, 66, 67, 68, 71, 72, 73, 74, 76, 78, 80, 82, 83, 84, 85, 86, 87, 89, 91, 92, 93, 98]

Iteração 3
  escolhido: 29
  nova cobertura (ganho): 17
  cobertos depois: [0, 2, 4, 5, 6, 8, 9, 10, 11, 13, 15, 16, 17, 18, 19, 20, 23, 24, 26, 27, 28, 29, 31, 33, 34, 35, 36, 37, 38, 40, 42, 45, 46, 47, 48, 49, 50, 51, 52, 54, 56, 57, 58, 59, 60, 61, 62, 66, 67, 68, 70, 71, 72, 73, 74, 76, 77, 78, 80, 82, 83, 84, 85, 86, 87, 89, 91, 92, 93, 95, 98, 99]

Iteração 4
  escolhido: 74
  nova cobertura (ganho): 10
  cobertos depois: [0, 2, 3, 4, 5, 6, 7, 8, 9, 10, 11, 13, 15, 16, 17, 18, 19, 20, 23, 24, 26, 27, 28, 29, 30, 31, 33, 34, 35, 36, 37, 38, 40, 41, 42, 45, 46, 47, 48, 49, 50, 51, 52, 54, 55, 56, 57, 58, 59, 60, 61, 62, 64, 65, 66, 67, 68, 70, 71, 72, 73, 74, 76, 77, 78, 79, 80, 82, 83, 84, 85, 86, 87, 88, 89, 91, 92, 93, 95, 96, 98, 99]
Solução inicial  obj=548.72  dist=6225.2 cov=82  estações=[9, 50, 29, 74]

=== Resultado Final ===
Estações selecionadas : [87, 21, 15, 93]
Tour                 : [87, 93, 21, 15]
Distância tour       : 422.8
Cobertura            : 19
Objetivo final       : 25.18
Tempo (s)            : 13.39
