
Iteração 1
  escolhido: 8
  nova cobertura (ganho): 23
  cobertos depois: [6, 8, 11, 19, 24, 26, 28, 33, 34, 45, 50, 54, 56, 59, 60, 61, 67, 76, 80, 82, 84, 85, 86]

Iteração 2
  escolhido: 18
  nova cobertura (ganho): 22
  cobertos depois: [3, 5, 6, 7, 8, 9, 11, 15, 17, 18, 19, 21, 24, 26, 28, 33, 34, 45, 48, 50, 52, 54, 55, 56, 59, 60, 61, 62, 64, 65, 67, 69, 74, 76, 78, 80, 82, 84, 85, 86, 87, 89, 91, 93, 96]

Iteração 3
  escolhido: 46
  nova cobertura (ganho): 16
  cobertos depois: [0, 3, 5, 6, 7, 8, 9, 10, 11, 14, 15, 16, 17, 18, 19, 20, 21, 22, 24, 26, 27, 28, 31, 33, 34, 44, 45, 46, 48, 50, 52, 54, 55, 56, 58, 59, 60, 61, 62, 64, 65, 67, 69, 71, 73, 74, 76, 78, 80, 82, 84, 85, 86, 87, 89, 90, 91, 92, 93, 96, 97]

Iteração 4
  escolhido: 47
  nova cobertura (ganho): 13
  cobertos depois: [0, 2, 3, 4, 5, 6, 7, 8, 9, 10, 11, 13, 14, 15, 16, 17, 18, 19, 20, 21, 22, 24, 26, 27, 28, 29, 31, 33, 34, 38, 40, 42, 44, 45, 46, 47, 48, 50, 51, 52, 54, 55, 56, 58, 59, 60, 61, 62, 64, 65, 67, 69, 70, 71, 73, 74, 76, 77, 78, 80, 82, 84, 85, 86, 87, 89, 90, 91, 92, 93, 95, 96, 97, 99]
Solução inicial  obj=-67.07  dist=6860.5 cov=74  estações=[8, 18, 46, 47]

=== Resultado Final ===
Estações selecionadas : [86, 46, 52, 47]
Tour                 : [86, 47, 52, 46]
Distância tour       : 7169.7
Cobertura            : 77
Objetivo final       : -69.75
Tempo (s)            : 14.32
