
Iteração 1
  escolhido: 9
  nova cobertura (ganho): 28
  cobertos depois: [0, 5, 9, 10, 15, 16, 17, 18, 20, 23, 31, 35, 37, 46, 48, 52, 58, 62, 71, 73, 74, 78, 83, 87, 89, 91, 93, 98]

Iteração 2
  escolhido: 50
  nova cobertura (ganho): 27
  cobertos depois: [0, 5, 6, 8, 9, 10, 11, 15, 16, 17, 18, 19, 20, 23, 24, 26, 27, 31, 33, 34, 35, 37, 46, 48, 50, 52, 54, 56, 57, 58, 59, 60, 61, 62, 66, 67, 68, 71, 72, 73, 74, 76, 78, 80, 82, 83, 84, 85, 86, 87, 89, 91, 92, 93, 98]

Iteração 3
  escolhido: 29
  nova cobertura (ganho): 17
  cobertos depois: [0, 2, 4, 5, 6, 8, 9, 10, 11, 13, 15, 16, 17, 18, 19, 20, 23, 24, 26, 27, 28, 29, 31, 33, 34, 35, 36, 37, 38, 40, 42, 45, 46, 47, 48, 49, 50, 51, 52, 54, 56, 57, 58, 59, 60, 61, 62, 66, 67, 68, 70, 71, 72, 73, 74, 76, 77, 78, 80, 82, 83, 84, 85, 86, 87, 89, 91, 92, 93, 95, 98, 99]

Iteração 4
  escolhido: 74
  nova cobertura (ganho): 10
  cobertos depois: [0, 2, 3, 4, 5, 6, 7, 8, 9, 10, 11, 13, 15, 16, 17, 18, 19, 20, 23, 24, 26, 27, 28, 29, 30, 31, 33, 34, 35, 36, 37, 38, 40, 41, 42, 45, 46, 47, 48, 49, 50, 51, 52, 54, 55, 56, 57, 58, 59, 60, 61, 62, 64, 65, 66, 67, 68, 70, 71, 72, 73, 74, 76, 77, 78, 79, 80, 82, 83, 84, 85, 86, 87, 88, 89, 91, 92, 93, 95, 96, 98, 99]

Iteração 5
  escolhido: 49
  nova cobertura (ganho): 7
  cobertos depois: [0, 1, 2, 3, 4, 5, 6, 7, 8, 9, 10, 11, 13, 15, 16, 17, 18, 19, 20, 23, 24, 26, 27, 28, 29, 30, 31, 33, 34, 35, 36, 37, 38, 39, 40, 41, 42, 43, 45, 46, 47, 48, 49, 50, 51, 52, 53, 54, 55, 56, 57, 58, 59, 60, 61, 62, 63, 64, 65, 66, 67, 68, 70, 71, 72, 73, 74, 76, 77, 78, 79, 80, 81, 82, 83, 84, 85, 86, 87, 88, 89, 91, 92, 93, 94, 95, 96, 98, 99]

Iteração 6
  escolhido: 10
  nova cobertura (ganho): 5
  cobertos depois: [0, 1, 2, 3, 4, 5, 6, 7, 8, 9, 10, 11, 13, 14, 15, 16, 17, 18, 19, 20, 22, 23, 24, 26, 27, 28, 29, 30, 31, 33, 34, 35, 36, 37, 38, 39, 40, 41, 42, 43, 44, 45, 46, 47, 48, 49, 50, 51, 52, 53, 54, 55, 56, 57, 58, 59, 60, 61, 62, 63, 64, 65, 66, 67, 68, 70, 71, 72, 73, 74, 76, 77, 78, 79, 80, 81, 82, 83, 84, 85, 86, 87, 88, 89, 90, 91, 92, 93, 94, 95, 96, 97, 98, 99]
Solução inicial  obj=-24.66  dist=6839.7 cov=94  estações=[9, 50, 29, 74, 49, 10]

=== Resultado Final ===
Estações selecionadas : [24, 89, 80, 50, 46, 91]
Tour                 : [24, 50, 46, 89, 91, 80]
Distância tour       : 4119.1
Cobertura            : 73
Objetivo final       : -31.08
Tempo (s)            : 69.43
