
Iteração 1
  escolhido: 56
  nova cobertura (ganho): 19
  cobertos depois: [6, 8, 11, 19, 24, 26, 33, 34, 50, 54, 56, 59, 60, 61, 76, 80, 82, 85, 86]

Iteração 2
  escolhido: 18
  nova cobertura (ganho): 17
  cobertos depois: [3, 5, 6, 8, 11, 15, 18, 19, 21, 24, 26, 33, 34, 48, 50, 52, 54, 55, 56, 59, 60, 61, 64, 65, 69, 74, 76, 78, 80, 82, 85, 86, 87, 89, 91, 96]

Iteração 3
  escolhido: 46
  nova cobertura (ganho): 15
  cobertos depois: [0, 3, 5, 6, 8, 10, 11, 14, 15, 16, 18, 19, 20, 21, 22, 24, 26, 27, 31, 33, 34, 44, 46, 48, 50, 52, 54, 55, 56, 59, 60, 61, 62, 64, 65, 69, 71, 74, 76, 78, 80, 82, 85, 86, 87, 89, 90, 91, 92, 96, 97]

Iteração 4
  escolhido: 29
  nova cobertura (ganho): 13
  cobertos depois: [0, 2, 3, 4, 5, 6, 8, 10, 11, 13, 14, 15, 16, 18, 19, 20, 21, 22, 24, 26, 27, 28, 29, 31, 33, 34, 36, 38, 44, 45, 46, 47, 48, 50, 51, 52, 54, 55, 56, 59, 60, 61, 62, 64, 65, 69, 71, 74, 76, 77, 78, 80, 82, 84, 85, 86, 87, 89, 90, 91, 92, 95, 96, 97]

Iteração 5
  escolhido: 43
  nova cobertura (ganho): 10
  cobertos depois: [0, 1, 2, 3, 4, 5, 6, 8, 10, 11, 13, 14, 15, 16, 18, 19, 20, 21, 22, 24, 26, 27, 28, 29, 31, 33, 34, 36, 38, 39, 43, 44, 45, 46, 47, 48, 49, 50, 51, 52, 53, 54, 55, 56, 59, 60, 61, 62, 63, 64, 65, 67, 68, 69, 71, 72, 74, 76, 77, 78, 80, 81, 82, 84, 85, 86, 87, 89, 90, 91, 92, 95, 96, 97]

Iteração 6
  escolhido: 35
  nova cobertura (ganho): 9
  cobertos depois: [0, 1, 2, 3, 4, 5, 6, 8, 9, 10, 11, 13, 14, 15, 16, 17, 18, 19, 20, 21, 22, 23, 24, 26, 27, 28, 29, 31, 33, 34, 35, 36, 37, 38, 39, 43, 44, 45, 46, 47, 48, 49, 50, 51, 52, 53, 54, 55, 56, 58, 59, 60, 61, 62, 63, 64, 65, 67, 68, 69, 71, 72, 73, 74, 76, 77, 78, 80, 81, 82, 83, 84, 85, 86, 87, 89, 90, 91, 92, 95, 96, 97, 98]
Solução inicial  obj=718.84  dist=7935.4 cov=83  estações=[56, 18, 46, 29, 43, 35]

=== Resultado Final ===
Estações selecionadas : [56, 82, 54, 8, 11, 6]
Tour                 : [56, 8, 6, 82, 54, 11]
Distância tour       : 913.7
Cobertura            : 23
Objetivo final       : 70.67
Tempo (s)            : 88.35
