
Iteração 1
  escolhido: 8
  nova cobertura (ganho): 23
  cobertos depois: [6, 8, 11, 19, 24, 26, 28, 33, 34, 45, 50, 54, 56, 59, 60, 61, 67, 76, 80, 82, 84, 85, 86]

Iteração 2
  escolhido: 18
  nova cobertura (ganho): 22
  cobertos depois: [3, 5, 6, 7, 8, 9, 11, 15, 17, 18, 19, 21, 24, 26, 28, 33, 34, 45, 48, 50, 52, 54, 55, 56, 59, 60, 61, 62, 64, 65, 67, 69, 74, 76, 78, 80, 82, 84, 85, 86, 87, 89, 91, 93, 96]

Iteração 3
  escolhido: 46
  nova cobertura (ganho): 16
  cobertos depois: [0, 3, 5, 6, 7, 8, 9, 10, 11, 14, 15, 16, 17, 18, 19, 20, 21, 22, 24, 26, 27, 28, 31, 33, 34, 44, 45, 46, 48, 50, 52, 54, 55, 56, 58, 59, 60, 61, 62, 64, 65, 67, 69, 71, 73, 74, 76, 78, 80, 82, 84, 85, 86, 87, 89, 90, 91, 92, 93, 96, 97]

Iteração 4
  escolhido: 47
  nova cobertura (ganho): 13
  cobertos depois: [0, 2, 3, 4, 5, 6, 7, 8, 9, 10, 11, 13, 14, 15, 16, 17, 18, 19, 20, 21, 22, 24, 26, 27, 28, 29, 31, 33, 34, 38, 40, 42, 44, 45, 46, 47, 48, 50, 51, 52, 54, 55, 56, 58, 59, 60, 61, 62, 64, 65, 67, 69, 70, 71, 73, 74, 76, 77, 78, 80, 82, 84, 85, 86, 87, 89, 90, 91, 92, 93, 95, 96, 97, 99]

Iteração 5
  escolhido: 68
  nova cobertura (ganho): 10
  cobertos depois: [0, 1, 2, 3, 4, 5, 6, 7, 8, 9, 10, 11, 13, 14, 15, 16, 17, 18, 19, 20, 21, 22, 24, 26, 27, 28, 29, 31, 33, 34, 38, 39, 40, 42, 43, 44, 45, 46, 47, 48, 49, 50, 51, 52, 53, 54, 55, 56, 57, 58, 59, 60, 61, 62, 63, 64, 65, 66, 67, 68, 69, 70, 71, 72, 73, 74, 76, 77, 78, 80, 82, 84, 85, 86, 87, 89, 90, 91, 92, 93, 95, 96, 97, 99]

Iteração 6
  escolhido: 4
  nova cobertura (ganho): 5
  cobertos depois: [0, 1, 2, 3, 4, 5, 6, 7, 8, 9, 10, 11, 12, 13, 14, 15, 16, 17, 18, 19, 20, 21, 22, 24, 26, 27, 28, 29, 31, 32, 33, 34, 36, 38, 39, 40, 42, 43, 44, 45, 46, 47, 48, 49, 50, 51, 52, 53, 54, 55, 56, 57, 58, 59, 60, 61, 62, 63, 64, 65, 66, 67, 68, 69, 70, 71, 72, 73, 74, 75, 76, 77, 78, 80, 82, 84, 85, 86, 87, 89, 90, 91, 92, 93, 94, 95, 96, 97, 99]

Iteração 7
  escolhido: 17
  nova cobertura (ganho): 5
  cobertos depois: [0, 1, 2, 3, 4, 5, 6, 7, 8, 9, 10, 11, 12, 13, 14, 15, 16, 17, 18, 19, 20, 21, 22, 23, 24, 26, 27, 28, 29, 31, 32, 33, 34, 35, 36, 37, 38, 39, 40, 42, 43, 44, 45, 46, 47, 48, 49, 50, 51, 52, 53, 54, 55, 56, 57, 58, 59, 60, 61, 62, 63, 64, 65, 66, 67, 68, 69, 70, 71, 72, 73, 74, 75, 76, 77, 78, 80, 82, 83, 84, 85, 86, 87, 89, 90, 91, 92, 93, 94, 95, 96, 97, 98, 99]

Iteração 8
  escolhido: 7
  nova cobertura (ganho): 4
  cobertos depois: [0, 1, 2, 3, 4, 5, 6, 7, 8, 9, 10, 11, 12, 13, 14, 15, 16, 17, 18, 19, 20, 21, 22, 23, 24, 26, 27, 28, 29, 30, 31, 32, 33, 34, 35, 36, 37, 38, 39, 40, 41, 42, 43, 44, 45, 46, 47, 48, 49, 50, 51, 52, 53, 54, 55, 56, 57, 58, 59, 60, 61, 62, 63, 64, 65, 66, 67, 68, 69, 70, 71, 72, 73, 74, 75, 76, 77, 78, 79, 80, 82, 83, 84, 85, 86, 87, 88, 89, 90, 91, 92, 93, 94, 95, 96, 97, 98, 99]
Solução inicial  obj=737.44  dist=8256.4 cov=98  estações=[8, 18, 46, 47, 68, 4, 17, 7]

=== Resultado Final ===
Estações selecionadas : [56, 82, 26, 8, 19, 54, 11, 6]
Tour                 : [56, 8, 6, 82, 54, 11, 26, 19]
Distância tour       : 1193.8
Cobertura            : 25
Objetivo final       : 96.88
Tempo (s)            : 350.66
